
    max_power= 10,      # 10
    LS_iterations = 20, # 20
    K_reset = 10,       # 10
    chi = 0.1,          # 0.1
    precision=1.4e-2,   # 1.4e-2
    precisionQ=1e-3,    # 1e-4
    markersize=2,        #2

List_BS09, List_here, precision = ([[0.014, 0.0],
  [0.098, 0.0105],
  [0.182, 0.021],
  [0.266, 0.0315],
  [0.336, 0.042],
  [0.392, 0.0525],
  [0.448, 0.063],
  [0.49, 0.0735],
  [0.518, 0.084],
  [0.56, 0.0945],
  [0.588, 0.105],
  [0.602, 0.1155],
  [0.63, 0.126]],
 [[0.14, 0.021],
  [0.14, 0.0315],
  [0.168, 0.042],
  [0.168, 0.0525],
  [0.182, 0.063],
  [0.182, 0.0735],
  [0.196, 0.084],
  [0.224, 0.0945],
  [0.224, 0.105],
  [0.252, 0.1155],
  [0.28, 0.126],
  [0.294, 0.1365],
  [0.308, 0.147],
  [0.308, 0.1575],
  [0.308, 0.168],
  [0.322, 0.1785],
  [0.336, 0.189],
  [0.364, 0.1995],
  [0.378, 0.21],
  [0.406, 0.2205],
  [0.406, 0.231],
  [0.462, 0.2415],
  [0.476, 0.252],
  [0.476, 0.2625],
  [0.476, 0.273],
  [0.504, 0.2835],
  [0.532, 0.294],
  [0.532, 0.3045],
  [0.546, 0.315],
  [0.574, 0.3255],
  [0.588, 0.336],
  [0.602, 0.3465],
  [0.63, 0.357]],
 0.014)