
    max_power= 2,       # 10
    LS_iterations = 20, # 20
    K_reset = 10,       # 10
    chi = 0.1,          # 0.1
    precision=1.4e-2,   # 1.4e-2
    precisionQ=1e-3,    # 1e-4
    markersize=2,        #2

List_BS09, List_here, precision = (
 [
  [0.392, 0.0],
  [0.392, 0.0105],
  [0.406, 0.021],
  [0.42, 0.0315],
  [0.434, 0.042],
  [0.448, 0.0525],
  [0.476, 0.063],
  [0.49, 0.0735],
  [0.518, 0.084],
  [0.56, 0.0945],
  [0.588, 0.105],
  [0.602, 0.1155],
  [0.63, 0.126]
  ],
 [
  [0.322, 0.0],
  [0.336, 0.0105],
  [0.35, 0.021],
  [0.42, 0.042],
  [0.434, 0.0525],
  [0.434, 0.063],
  [0.434, 0.0735],
  [0.448, 0.084],
  [0.462, 0.0945],
  [0.476, 0.105],
  [0.518, 0.1155],
  [0.532, 0.126],
  [0.574, 0.1365],
  [0.574, 0.147],
  [0.588, 0.1575]
  ],
 0.014)