
    max_power= 2,       # 10
    LS_iterations = 20, # 20
    K_reset = 10,       # 10
    chi = 0.1,          # 0.1
    precision=1.4e-2,   # 1.4e-2
    precisionQ=1e-3,    # 1e-4
    markersize=2,        #2
    
    
([
  [0.28, 0.0],
  [0.294, 0.0105],
  [0.308, 0.021],
  [0.336, 0.0315],
  [0.35, 0.042],
  [0.378, 0.0525],
  [0.42, 0.063],
  [0.434, 0.0735],
  [0.434, 0.084],
  [0.434, 0.0945],
  [0.448, 0.105],
  [0.448, 0.1155],
  [0.448, 0.126],
  [0.462, 0.1365],
  [0.462, 0.147],
  [0.462, 0.1575],
  [0.476, 0.168],
  [0.476, 0.1785],
  [0.49, 0.189],
  [0.49, 0.1995],
  [0.504, 0.21],
  [0.504, 0.2205],
  [0.518, 0.231],
  [0.518, 0.2415],
  [0.532, 0.252],
  [0.546, 0.2625],
  [0.546, 0.273],
  [0.56, 0.2835],
  [0.574, 0.294],
  [0.588, 0.3045],
  [0.602, 0.315],
  [0.616, 0.3255],
  [0.63, 0.336]
  ],
 [
  [0.336, 0.042], [0.448, 0.1365]
  ],
 0.014)