p=0.39
q=0.6
P = p*PR +q*SR + (1-p-q)*I

alpha = 0.01
K=int(1e6) # puissance 6
epsilon=1e-6
m = 10^3

histogramGD = [ 0.7966312170028687,
0.8449999690055847,
0.75,
0.7499980926513672,
0.7966312170028687,
0.7960124015808105,
0.75,
0.7499994039535522,
0.7962515354156494,
0.825501561164856,
0.7500000596046448,
0.75,
0.7475000023841858,
0.8449999690055847,
0.75,
0.75,
0.7966294884681702,
0.75,
0.7966312170028687,
0.75,
0.8255008459091187,
0.8255022764205933,
0.7966299057006836,
0.75,
0.7499992251396179,
0.7499972581863403,
0.7962563037872314,
0.75,
0.75,
0.7962532639503479,
0.7966282367706299,
0.7499999403953552,
0.7499984502792358,
0.79625004529953,
0.75,
0.7499995827674866,
0.75,
0.75,
0.75,
0.7499982714653015,
0.7499983906745911,
0.75,
0.7966312170028687,
0.75,
0.7966311573982239,
0.75,
0.7966312170028687,
0.7499973177909851,
0.8449999690055847,
0.749998927116394,
0.7500000596046448,
0.75,
0.796629011631012,
0.75,
0.75,
0.75,
0.7499982118606567,
0.7499972581863403,
0.8449999690055847,
0.75,
0.7966312170028687,
0.75,
0.7962499856948853,
0.75,
0.75,
0.7966312766075134,
0.7966312766075134,
0.7962563037872314,
0.8449999690055847,
0.75,
0.7966310977935791,
0.7962563037872314,
0.8449999690055847,
0.7966312170028687,
0.7499999403953552,
0.8255010843276978,
0.7499999403953552,
0.7966312766075134,
0.7966311573982239,
0.75,
0.7499989867210388,
0.7966312170028687,
0.75,
0.8449999690055847,
0.8449999690055847,
0.7960583567619324,
0.7966312170028687,
0.7499985098838806,
0.75,
0.7499999403953552,
0.75,
0.7500000596046448,
0.7499943971633911,
0.7966302633285522,
0.7962562441825867,
0.75,
0.7966307401657104,
0.75,
0.8440249562263489,
0.75,
0.7499913573265076,
0.7499998807907104,
0.7500000596046448,
0.8449999690055847,
0.75,
0.75,
0.7499999403953552,
0.7966291904449463,
0.7962562441825867,
0.7966312170028687,
0.8255031108856201,
0.7962561845779419,
0.75,
0.75,
0.75,
0.7966312766075134,
0.75,
0.75,
0.75,
0.75,
0.8440249562263489,
0.7962563037872314,
0.7499991059303284,
0.8449999690055847,
0.75,
0.75,
0.75,
0.7966307401657104,
0.7962557077407837,
0.7962515354156494,
0.7500000596046448,
0.75,
0.75,
0.7499999403953552,
0.75,
0.75,
0.7499985694885254,
0.7499990463256836,
0.75,
0.75,
0.7966312766075134,
0.7499982118606567,
0.7966312170028687,
0.7962561845779419,
0.7962542176246643,
0.75,
0.7499947547912598,
0.7499999403953552,
0.75,
0.8255032300949097,
0.7499977946281433,
0.747499942779541,
0.7966312766075134,
0.75,
0.7499974966049194,
0.75,
0.7966312170028687,
0.7499999403953552,
0.7499960660934448,
0.75,
0.75,
0.75,
0.75,
0.7966312766075134,
0.7966312766075134,
0.7966312766075134,
0.75,
0.7500000596046448,
0.7966312170028687,
0.7966312170028687,
0.7966294884681702,
0.75,
0.8449999690055847,
0.7966301441192627,
0.7962559461593628,
0.7966295480728149,
0.825502336025238,
0.75,
0.8449999690055847,
0.7966312170028687,
0.75,
0.7962532043457031,
0.7966312170028687,
0.8449999690055847,
0.75,
0.7966300845146179,
0.7966296076774597,
0.8449999690055847,
0.8449999690055847,
0.75,
0.7966312170028687,
0.7966312766075134,
0.7966312170028687,
0.7499986886978149,
0.8449999690055847,
0.75,
0.7966312766075134,
0.7966312766075134,
0.75,
0.7499999403953552,
0.75,
0.747499942779541,
0.8449999094009399,
0.8449999690055847,
0.7966289520263672,
0.75,
0.8255020380020142,
0.7966312170028687,
0.7966311573982239,
0.7966312170028687,
0.7966306209564209,
0.7966312766075134,
0.75,
0.7966312766075134,
0.75,
0.8255025148391724,
0.7966312170028687,
0.75,
0.7962523698806763,
0.7966312170028687,
0.7962561845779419,
0.7966312170028687,
0.75,
0.7966312766075134,
0.7962561249732971,
0.75,
0.7499999403953552,
0.7966310977935791,
0.7966312170028687,
0.7499999403953552,
0.75,
0.7962562441825867,
0.7966293692588806,
0.8449999690055847,
0.8449999690055847,
0.75,
0.7966312766075134,
0.75,
0.75,
0.7499991655349731,
0.7966312766075134,
0.7499982118606567,
0.7966312170028687,
0.7962499856948853,
0.7966302037239075,
0.7499986886978149,
0.75,
0.7962561845779419,
0.7499999403953552,
0.7500000596046448,
0.75,
0.7962561845779419,
0.75,
0.75,
0.8255032300949097,
0.7499971389770508,
0.75,
0.7960124611854553,
0.7496618628501892,
0.7962562441825867,
0.8255035877227783,
0.75,
0.7962563037872314,
0.7960124611854553,
0.75,
0.7966312766075134,
0.7966311573982239,
0.7966312766075134,
0.8449999690055847,
0.75,
0.7962561249732971,
0.7966312170028687,
0.7966312170028687,
0.825502336025238,
0.75,
0.7962563037872314,
0.8255025148391724,
0.7499999403953552,
0.7499973773956299,
0.7966312170028687,
0.7499971985816956,
0.75,
0.7962554693222046,
0.75,
0.8255027532577515,
0.7966312170028687,
0.75,
0.7966312170028687,
0.75,
0.7499985694885254,
0.7499977946281433,
0.7499992251396179,
0.8449999690055847,
0.7966290712356567,
0.7960124611854553,
0.7499974966049194,
0.75,
0.7966312170028687,
0.7966312170028687,
0.75,
0.7499985694885254,
0.7500000596046448,
0.7966307997703552,
0.75,
0.75,
0.8449999094009399,
0.8255015015602112,
0.75,
0.75,
0.7499982118606567,
0.7962563037872314,
0.7962557077407837,
0.8420374393463135,
0.7499999403953552,
0.8255015015602112,
0.7499994039535522,
0.7962561845779419,
0.8449999690055847,
0.7962561249732971,
0.7966312766075134,
0.7962561845779419,
0.8425250053405762,
0.7500000596046448,
0.75,
0.7499999403953552,
0.8449999690055847,
0.75,
0.75,
0.8255046606063843,
0.8255012035369873,
0.7962499260902405,
0.75,
0.75,
0.75,
0.75,
0.7962547540664673,
0.8440249562263489,
0.7475000619888306,
0.75,
0.7966312170028687,
0.7962554693222046,
0.7966310977935791,
0.7966306209564209,
0.7966289520263672,
0.8255029320716858,
0.7499979734420776,
0.8449999690055847,
0.7966312170028687,
0.75,
0.7966293096542358,
0.75,
0.75,
0.7966312766075134,
0.7966312766075134,
0.7966312766075134,
0.75,
0.8255014419555664,
0.7960123419761658,
0.75,
0.7966311573982239,
0.8432750105857849,
0.8450000286102295,
0.8450000286102295,
0.8450000286102295,
0.8255013227462769,
0.75,
0.75,
0.7966294288635254,
0.75,
0.7500000596046448,
0.7499971985816956,
0.75,
0.75,
0.7966312766075134,
0.75,
0.8449999690055847,
0.75,
0.7500000596046448,
0.8255023956298828,
0.75,
0.8255043029785156,
0.7962499260902405,
0.8255007266998291,
0.7966312170028687,
0.7499932050704956,
0.7966299653053284,
0.75,
0.8255033493041992,
0.75,
0.7966285943984985,
0.75,
0.8255053758621216,
0.75,
0.75,
0.75,
0.7966312766075134,
0.7499973773956299,
0.8449999690055847,
0.75,
0.8449999094009399,
0.7499989867210388,
0.7966299057006836,
0.7966291904449463,
0.8255017995834351,
0.75,
0.75,
0.75,
0.8449999690055847,
0.75,
0.8255017995834351,
0.75,
0.75,
0.7966312766075134,
0.7499999403953552,
0.75,
0.75,
0.7966312170028687,
0.75,
0.75,
0.75,
0.75,
0.75,
0.79625004529953,
0.7499999403953552,
0.75,
0.7966312766075134,
0.8255026340484619,
0.75,
0.7966312170028687,
0.8449999690055847,
0.7499997615814209,
0.7962563037872314,
0.75,
0.75,
0.75,
0.7966312170028687,
0.8440249562263489,
0.8449999690055847,
0.75,
0.7962562441825867,
0.8255020380020142,
0.7962561845779419,
0.7499984502792358,
0.7966309189796448,
0.7966312170028687,
0.8255025148391724,
0.7499980926513672,
0.75,
0.7966312170028687,
0.7945250868797302,
0.75,
0.7966312170028687,
0.7966112494468689,
0.7966291308403015,
0.7966312766075134,
0.8440249562263489,
0.8255030512809753,
0.7966312766075134,
0.7966313362121582,
0.75,
0.8255013823509216,
0.7966312766075134,
0.7966311573982239,
0.7966309189796448,
0.75,
0.7966311573982239,
0.75,
0.7499999403953552,
0.7499927878379822,
0.7966312170028687,
0.7499972581863403,
0.7962561845779419,
0.749997079372406,
0.7962545156478882,
0.7499999403953552,
0.8449999690055847,
0.7962521314620972,
0.7500001192092896,
0.7966312170028687,
0.75,
0.7500000596046448,
0.7499983906745911,
0.8255032300949097,
0.8255027532577515,
0.7966312170028687,
0.7966312766075134,
0.7499992847442627,
0.7966311573982239,
0.7962563037872314,
0.75,
0.8255053758621216,
0.8450000286102295,
0.825503408908844,
0.7966312766075134,
0.7966312170028687,
0.8255032300949097,
0.7499997615814209,
0.75,
0.8449999690055847,
0.825505256652832,
0.7500000596046448,
0.75,
0.7962561845779419,
0.75,
0.75,
0.7499992251396179,
0.7962562441825867,
0.75,
0.7966296672821045,
0.7962561845779419,
0.7966304421424866,
0.75,
0.75,
0.8449999690055847,
0.7962499260902405,
0.8255044221878052,
0.75,
0.7957624197006226,
0.7966309189796448,
0.75,
0.7966305613517761,
0.7499991655349731,
0.7966307997703552,
0.7960124611854553,
0.7962562441825867,
0.75,
0.75,
0.7966312170028687,
0.8255010843276978,
0.7966312170028687,
0.8255013227462769,
0.75,
0.7960124611854553,
0.7499994039535522,
0.796629011631012,
0.7966312766075134,
0.7962561845779419,
0.7966295480728149,
0.7966302037239075,
0.7962541580200195,
0.8425250053405762,
0.75,
0.75,
0.7499999403953552,
0.75,
0.8255009651184082,
0.75,
0.7962561845779419,
0.7966312766075134,
0.7500000596046448,
0.8255041837692261,
0.75,
0.7499978542327881,
0.7966311573982239,
0.75,
0.75,
0.8449999690055847,
0.75,
0.7499991059303284,
0.7966303825378418,
0.7499979734420776,
0.7499995827674866,
0.8449999690055847,
0.75,
0.8255023956298828,
0.75,
0.75,
0.7962562441825867,
0.8255029916763306,
0.7499994039535522,
0.75,
0.75,
0.749997615814209,
0.75,
0.8449999690055847,
0.8440249562263489,
0.8440249562263489,
0.8712875247001648,
0.749999463558197,
0.7475062012672424,
0.7499986886978149,
0.7966309785842896,
0.7499988079071045,
0.75,
0.75,
0.7962563037872314,
0.7499999403953552,
0.7500000596046448,
0.7500000596046448,
0.7966312170028687,
0.7966312170028687,
0.75,
0.75,
0.7962554693222046,
0.75,
0.75,
0.75,
0.7966312170028687,
0.7499979734420776,
0.7499994039535522,
0.75,
0.75,
0.75,
0.7962563037872314,
0.7966312170028687,
0.7499977350234985,
0.8255017995834351,
0.8425249457359314,
0.7966312766075134,
0.7966309189796448,
0.75,
0.7966282963752747,
0.75,
0.75,
0.7966298460960388,
0.75,
0.7966312170028687,
0.7962533831596375,
0.7499999403953552,
0.7960124015808105,
0.7962562441825867,
0.75,
0.75,
0.75,
0.7960124611854553,
0.7962562441825867,
0.7962560653686523,
0.7966312170028687,
0.7966285943984985,
0.7962552905082703,
0.75,
0.75,
0.7962532043457031,
0.75,
0.7962561249732971,
0.7962561845779419,
0.75,
0.75,
0.7475000023841858,
0.8255013227462769,
0.7499999403953552,
0.7962562441825867,
0.7499999403953552,
0.796629011631012,
0.7966312170028687,
0.7966288924217224,
0.8255017995834351,
0.75,
0.7962561845779419,
0.8449999690055847,
0.75,
0.7966309189796448,
0.75,
0.75,
0.7962561845779419,
0.7500000596046448,
0.7960125207901001,
0.75,
0.7499999403953552,
0.7962561845779419,
0.7966312170028687,
0.7499974966049194,
0.8449999690055847,
0.7499979734420776,
0.7966312170028687,
0.7966305017471313,
0.7500000596046448,
0.749998927116394,
0.7966312766075134,
0.75,
0.7499999403953552,
0.75,
0.7499999403953552,
0.75,
0.75,
0.7962563037872314,
0.8255024552345276,
0.749998927116394,
0.8255029916763306,
0.8255043625831604,
0.75,
0.75,
0.7475062608718872,
0.7966312766075134,
0.7962562441825867,
0.7966310977935791,
0.8255027532577515,
0.8449999690055847,
0.7966312766075134,
0.7966306805610657,
0.75,
0.7499927878379822,
0.8449999690055847,
0.7966312170028687,
0.7499982118606567,
0.7966309189796448,
0.7499971389770508,
0.7962559461593628,
0.7499982714653015,
0.7500000596046448,
0.7499973773956299,
0.8255014419555664,
0.7966302037239075,
0.7962561845779419,
0.8255009055137634,
0.75,
0.7966289520263672,
0.7962562441825867,
0.7966312766075134,
0.7499968409538269,
0.75,
0.75,
0.75,
0.75,
0.75,
0.75,
0.7962499856948853,
0.75,
0.7499992251396179,
0.7499986886978149,
0.75,
0.8255029916763306,
0.75,
0.7500000596046448,
0.7966312170028687,
0.75,
0.7499960064888,
0.7962542772293091,
0.8449999690055847,
0.75,
0.7962554693222046,
0.7499973177909851,
0.7499993443489075,
0.75,
0.7966312766075134,
0.75,
0.75,
0.75,
0.75,
0.7966312766075134,
0.7966312170028687,
0.7966312170028687,
0.75,
0.75,
0.796630859375,
0.7499995827674866,
0.7966312766075134,
0.7966294884681702,
0.75,
0.8255023956298828,
0.7966312170028687,
0.7962561845779419,
0.75,
0.75,
0.75,
0.7962561845779419,
0.7966312766075134,
0.7966312766075134,
0.7966312766075134,
0.75,
0.75,
0.7499971985816956,
0.7966312766075134,
0.7966298460960388,
0.7966312766075134,
0.8255035877227783,
0.7499985098838806,
0.7962563037872314,
0.75,
0.7499980926513672,
0.75,
0.7966287136077881,
0.75,
0.7962562441825867,
0.7966312766075134,
0.7499994039535522,
0.8255028128623962,
0.75,
0.7966312170028687,
0.75,
0.7966312170028687,
0.75,
0.7962561845779419,
0.7966296076774597,
0.8450000286102295,
0.7962562441825867,
0.7966312766075134,
0.825501561164856,
0.7962562441825867,
0.75,
0.75,
0.75,
0.7962562441825867,
0.7962558269500732,
0.7499992847442627,
0.7962562441825867,
0.7966311573982239,
0.8440249562263489,
0.75,
0.75,
0.75,
0.75,
0.7962561249732971,
0.75,
0.75,
0.75,
0.7966293096542358,
0.8255038261413574,
0.7966307401657104,
0.7962515354156494,
0.75,
0.75,
0.7966312766075134,
0.8255007863044739,
0.75,
0.7499993443489075,
0.7966312170028687,
0.8449999094009399,
0.749998927116394,
0.8432750105857849,
0.75,
0.75,
0.7966302037239075,
0.7966312766075134,
0.75,
0.7499999403953552,
0.8255012631416321,
0.7499996423721313,
0.75,
0.7966312766075134,
0.75,
0.7499995231628418,
0.75,
0.7499971389770508,
0.8449999690055847,
0.7962532639503479,
0.7962523698806763,
0.75,
0.75,
0.8449999690055847,
0.8255029916763306,
0.75,
0.75,
0.8432749509811401,
0.749998152256012,
0.7966292500495911,
0.75,
0.7500000596046448,
0.75,
0.75,
0.7499987483024597,
0.7962562441825867,
0.8449999690055847,
0.75,
0.7966312170028687,
0.8255034685134888,
0.75,
0.7966312170028687,
0.8255029916763306,
0.7499976754188538,
0.7962562441825867,
0.7499999403953552,
0.75,
0.75,
0.75,
0.7966312170028687,
0.8255020380020142,
0.8449999690055847,
0.8440249562263489,
0.8449999690055847,
0.7499982118606567,
0.7500000596046448,
0.7962499856948853,
0.7499999403953552,
0.75,
0.7960125207901001,
0.7966312170028687,
0.75,
0.75,
0.75,
0.75,
0.8255010843276978,
0.7966312170028687,
0.7966312170028687,
0.7966304421424866,
0.75,
0.8255021572113037,
0.8449999690055847,
0.8440249562263489,
0.7962499856948853,
0.7499989867210388,
0.75,
0.75,
0.75,
0.7499979734420776,
0.75,
0.7966312766075134,
0.75,
0.75,
0.75,
0.7962562441825867,
0.7499999403953552,
0.75,
0.8425250053405762,
0.75,
0.7962563037872314,
0.7966312170028687,
0.7500000596046448,
0.75,
0.749998927116394,
0.7966302037239075,
0.8449999690055847,
0.7962562441825867,
0.75,
0.75,
0.8449999690055847,
0.7966299057006836,
0.7966312170028687,
0.7962554693222046,
0.7966312766075134,
0.749997615814209,
0.7499999403953552,
0.7966312170028687,
0.7966312170028687,
0.7966312170028687,
0.7962561845779419,
0.7499999403953552,
0.75,
0.75,
0.7957624793052673,
0.7966307401657104,
0.7966311573982239,
0.7962499856948853,
0.8255013823509216,
0.75,
0.7966312170028687,
0.7962563037872314,
0.8440249562263489,
0.7499985098838806,
0.75,
0.7962532043457031,
0.8449999690055847,
0.75,
0.7499996423721313,
0.7966312170028687,
0.75,
0.7966306209564209,
0.75,
0.75,
0.7499998807907104,
0.7962526082992554,
0.8449999690055847,
0.8449999690055847,
0.8255029320716858,
0.8449999690055847,
0.8449999690055847,
0.75,
0.75,
0.8255032300949097,
0.7966288328170776,
0.75,
0.75,
0.7966312170028687,
0.7966312170028687,
0.7966291904449463,
0.75,
0.8449999690055847,
0.7499983310699463,
0.75,
0.7477270364761353,
0.7500000596046448,
0.7499977946281433,
0.7962561845779419,
0.7499967217445374,
0.8440249562263489,
0.75,
0.7966312766075134,
0.7962562441825867,
0.75,
0.8712874054908752,
0.75,
0.7966312170028687,
0.7966312170028687,
0.7966312170028687,
0.7962547540664673,
0.7957624793052673,
0.75,
0.75,
0.7962562441825867,
0.7962499856948853,
0.75,
0.7962508201599121,
0.75,
0.7966312170028687,
0.75,
0.75,
0.75,
0.7966312170028687,
0.8450000286102295,
0.7499977946281433
 ]