p=0.39
q=0.6
P = p*PR +q*SR + (1-p-q)*I

K_reset=100
chi = 0.0003
LS_iterations=7
m = 10^3

[ 0.87128746509552,
0.8450000286102295,
0.87128746509552,
0.8712874054908752,
0.8712874054908752,
0.87128746509552,
0.8620249629020691,
0.87128746509552,
0.87128746509552,
0.8450000286102295,
0.8712874054908752,
0.8449999690055847,
0.8712875247001648,
0.8712874054908752,
0.8449999690055847,
0.87128746509552,
0.8712874054908752,
0.8712875247001648,
0.87128746509552,
0.8450000286102295,
0.8620249629020691,
0.87128746509552,
0.8620249629020691,
0.87128746509552,
0.8449999690055847,
0.8620249629020691,
0.8450000286102295,
0.8450000286102295,
0.8712874054908752,
0.8712875247001648,
0.8620249629020691,
0.8712875247001648,
0.87128746509552,
0.8449999690055847,
0.87128746509552,
0.8450000286102295,
0.87128746509552,
0.87128746509552,
0.8620249629020691,
0.87128746509552,
0.87128746509552,
0.87128746509552,
0.87128746509552,
0.8712874054908752,
0.8712874054908752,
0.8449999690055847,
0.87128746509552,
0.8712875247001648,
0.87128746509552,
0.8712874054908752,
0.87128746509552,
0.87128746509552,
0.8712875247001648,
0.87128746509552,
0.87128746509552,
0.8712875247001648,
0.87128746509552,
0.87128746509552,
0.8712875247001648,
0.8712874054908752,
0.8712875247001648,
0.8712874054908752,
0.87128746509552,
0.87128746509552,
0.87128746509552,
0.8449999690055847,
0.8450000286102295,
0.87128746509552,
0.8449999690055847,
0.8712875247001648,
0.8712875247001648,
0.87128746509552,
0.8712874054908752,
0.8449999690055847,
0.87128746509552,
0.8712875247001648,
0.87128746509552,
0.8712875247001648,
0.8450000286102295,
0.8449999690055847,
0.8712875247001648,
0.87128746509552,
0.8620249629020691,
0.8712874054908752,
0.8449999690055847,
0.8712875247001648,
0.8712875247001648,
0.87128746509552,
0.8712875247001648,
0.8712874054908752,
0.8712875247001648,
0.87128746509552,
0.8449999690055847,
0.8449999690055847,
0.8620249629020691,
0.8620249629020691,
0.87128746509552,
0.8712874054908752,
0.8450000286102295,
0.87128746509552,
0.8449999690055847,
0.8712875247001648,
0.87128746509552,
0.87128746509552,
0.8712875247001648,
0.8712874054908752,
0.8712875247001648,
0.87128746509552,
0.87128746509552,
0.87128746509552,
0.8450000286102295,
0.8712874054908752,
0.8712874054908752,
0.8449999690055847,
0.8712875247001648,
0.87128746509552,
0.8712874054908752,
0.87128746509552,
0.8712874054908752,
0.87128746509552,
0.8712874054908752,
0.8449999690055847,
0.87128746509552,
0.87128746509552,
0.87128746509552,
0.8712874054908752,
0.8712875247001648,
0.87128746509552,
0.8712874054908752,
0.8712874054908752,
0.87128746509552,
0.8450000286102295,
0.87128746509552,
0.87128746509552,
0.8712874054908752,
0.8620249629020691,
0.87128746509552,
0.8620249032974243,
0.87128746509552,
0.8712874054908752,
0.87128746509552,
0.8712875247001648,
0.87128746509552,
0.8450000286102295,
0.8712874054908752,
0.87128746509552,
0.8449999690055847,
0.8450000286102295,
0.8449999690055847,
0.8712875247001648,
0.8620249629020691,
0.8712874054908752,
0.8449999690055847,
0.8712875247001648,
0.87128746509552,
0.87128746509552,
0.87128746509552,
0.8712874054908752,
0.87128746509552,
0.8620249032974243,
0.8712874054908752,
0.87128746509552,
0.8712875247001648,
0.8712874054908752,
0.8712875247001648,
0.87128746509552,
0.87128746509552,
0.87128746509552,
0.8449999690055847,
0.8712875247001648,
0.87128746509552,
0.87128746509552,
0.87128746509552,
0.8712874054908752,
0.8712874054908752,
0.87128746509552,
0.8449999690055847,
0.87128746509552,
0.8712875247001648,
0.8712874054908752,
0.8712875247001648,
0.87128746509552,
0.87128746509552,
0.87128746509552,
0.87128746509552,
0.8449999690055847,
0.8620249629020691,
0.8712875247001648,
0.8712875247001648,
0.8712875247001648,
0.87128746509552,
0.8449999690055847,
0.8450000286102295,
0.87128746509552,
0.8712874054908752,
0.8712875247001648,
0.87128746509552,
0.8712875247001648,
0.87128746509552,
0.87128746509552,
0.8620249629020691,
0.87128746509552,
0.8450000286102295,
0.87128746509552,
0.87128746509552,
0.8712875247001648,
0.87128746509552,
0.8450000286102295,
0.87128746509552,
0.8712875247001648,
0.8712874054908752,
0.87128746509552,
0.8712874054908752,
0.8712875247001648,
0.8712874054908752,
0.8449999690055847,
0.87128746509552,
0.87128746509552,
0.8712874054908752,
0.87128746509552,
0.8712875247001648,
0.8712875247001648,
0.87128746509552,
0.8712875247001648,
0.8712874054908752,
0.87128746509552,
0.8712874054908752,
0.87128746509552,
0.8449999690055847,
0.8449999690055847,
0.8712875247001648,
0.8449999690055847,
0.8449999690055847,
0.87128746509552,
0.8712874054908752,
0.87128746509552,
0.8712875247001648,
0.8620249629020691,
0.87128746509552,
0.8450000882148743,
0.8712874054908752,
0.8712874054908752,
0.87128746509552,
0.8450000286102295,
0.8712875247001648,
0.8449999690055847,
0.8712874054908752,
0.87128746509552,
0.8712875247001648,
0.8712875247001648,
0.87128746509552,
0.8712874054908752,
0.8712875247001648,
0.8712875247001648,
0.8449999690055847,
0.87128746509552,
0.8712874054908752,
0.8712874054908752,
0.8712875247001648,
0.8712875247001648,
0.8712875247001648,
0.8712874054908752,
0.87128746509552,
0.8712875247001648,
0.87128746509552,
0.87128746509552,
0.87128746509552,
0.8450000286102295,
0.87128746509552,
0.8712874054908752,
0.87128746509552,
0.87128746509552,
0.8712874054908752,
0.8712874054908752,
0.8712874054908752,
0.8712874054908752,
0.87128746509552,
0.8712874054908752,
0.8712875247001648,
0.87128746509552,
0.87128746509552,
0.8450000286102295,
0.87128746509552,
0.8449999690055847,
0.87128746509552,
0.8712875247001648,
0.8620249629020691,
0.8449999690055847,
0.87128746509552,
0.87128746509552,
0.87128746509552,
0.87128746509552,
0.87128746509552,
0.87128746509552,
0.8712874054908752,
0.87128746509552,
0.8449999690055847,
0.87128746509552,
0.8712874054908752,
0.8449999690055847,
0.87128746509552,
0.8620249629020691,
0.87128746509552,
0.8712874054908752,
0.87128746509552,
0.8712875247001648,
0.8712874054908752,
0.8712874054908752,
0.8712874054908752,
0.8712875247001648,
0.87128746509552,
0.8712874054908752,
0.8712874054908752,
0.87128746509552,
0.8449999690055847,
0.8712875247001648,
0.8712875247001648,
0.87128746509552,
0.87128746509552,
0.8712874054908752,
0.8449999690055847,
0.8620249629020691,
0.8450000286102295,
0.87128746509552,
0.8712874054908752,
0.87128746509552,
0.8449999690055847,
0.87128746509552,
0.8620249629020691,
0.8712875247001648,
0.8712874054908752,
0.87128746509552,
0.8449999690055847,
0.8712874054908752,
0.8712875247001648,
0.8449999690055847,
0.8712874054908752,
0.8712875247001648,
0.8712874054908752,
0.8712875247001648,
0.8450000286102295,
0.8712875247001648,
0.87128746509552,
0.8712875247001648,
0.8712875247001648,
0.87128746509552,
0.8712875247001648,
0.8712875247001648,
0.8449999690055847,
0.8449999690055847,
0.8712875247001648,
0.87128746509552,
0.8712875247001648,
0.87128746509552,
0.87128746509552,
0.8449999690055847,
0.8449999690055847,
0.87128746509552,
0.8449999690055847,
0.8712875247001648,
0.87128746509552,
0.8712875247001648,
0.8712874054908752,
0.87128746509552,
0.8620249629020691,
0.87128746509552,
0.87128746509552,
0.8712875247001648,
0.8712874054908752,
0.87128746509552,
0.87128746509552,
0.87128746509552,
0.87128746509552,
0.8449999690055847,
0.87128746509552,
0.8712875247001648,
0.87128746509552,
0.87128746509552,
0.8450000286102295,
0.87128746509552,
0.8712874054908752,
0.8712875247001648,
0.8712874054908752,
0.87128746509552,
0.87128746509552,
0.8712874054908752,
0.8450000286102295,
0.8449999690055847,
0.8712875247001648,
0.8712874054908752,
0.8712874054908752,
0.87128746509552,
0.8712874054908752,
0.87128746509552,
0.8449999690055847,
0.8712874054908752,
0.8712874054908752,
0.8712875247001648,
0.87128746509552,
0.8449999690055847,
0.87128746509552,
0.8712875247001648,
0.8712874054908752,
0.87128746509552,
0.8712874054908752,
0.8712874054908752,
0.8449999690055847,
0.87128746509552,
0.8449999690055847,
0.8712874054908752,
0.8449999690055847,
0.87128746509552,
0.87128746509552,
0.87128746509552,
0.8712874054908752,
0.8712874054908752,
0.87128746509552,
0.8712874054908752,
0.8449999690055847,
0.8620249629020691,
0.8620249629020691,
0.8620249629020691,
0.8450000286102295,
0.8712874054908752,
0.8449999690055847,
0.8620249629020691,
0.8449999690055847,
0.8449999690055847,
0.8449999690055847,
0.8449999690055847,
0.8450000286102295,
0.8712874054908752,
0.8252833485603333,
0.87128746509552,
0.87128746509552,
0.87128746509552,
0.8449999690055847,
0.8712875247001648,
0.87128746509552,
0.8712875247001648,
0.8712874054908752,
0.87128746509552,
0.8449999690055847,
0.8712874054908752,
0.8449999690055847,
0.8712875247001648,
0.8449999690055847,
0.8450000286102295,
0.87128746509552,
0.8712874054908752,
0.8712875247001648,
0.87128746509552,
0.8712874054908752,
0.87128746509552,
0.87128746509552,
0.8712875247001648,
0.8712874054908752,
0.87128746509552,
0.87128746509552,
0.8449999690055847,
0.8712875247001648,
0.87128746509552,
0.87128746509552,
0.87128746509552,
0.87128746509552,
0.8712875247001648,
0.87128746509552,
0.8712874054908752,
0.8712874054908752,
0.8712874054908752,
0.87128746509552,
0.87128746509552,
0.8450000286102295,
0.8712875247001648,
0.87128746509552,
0.87128746509552,
0.87128746509552,
0.87128746509552,
0.87128746509552,
0.8449999690055847,
0.8712875247001648,
0.87128746509552,
0.87128746509552,
0.87128746509552,
0.87128746509552,
0.8450000286102295,
0.8620249629020691,
0.8620249032974243,
0.87128746509552,
0.87128746509552,
0.8712875247001648,
0.8712875247001648,
0.8712874054908752,
0.8450000286102295,
0.8712874054908752,
0.87128746509552,
0.8712874054908752,
0.8450000882148743,
0.87128746509552,
0.8620249629020691,
0.8712875247001648,
0.8712875247001648,
0.87128746509552,
0.8712875247001648,
0.8449999690055847,
0.8449999690055847,
0.8712875247001648,
0.8712875247001648,
0.8712875247001648,
0.87128746509552,
0.87128746509552,
0.8712875247001648,
0.87128746509552,
0.87128746509552,
0.8712874054908752,
0.8712875247001648,
0.8712875247001648,
0.8712874054908752,
0.87128746509552,
0.8712875247001648,
0.8449999690055847,
0.8712875247001648,
0.8712875247001648,
0.87128746509552,
0.8712874054908752,
0.87128746509552,
0.8712875247001648,
0.8712874054908752,
0.8450000286102295,
0.8712875247001648,
0.8712875247001648,
0.8712874054908752,
0.8620249629020691,
0.87128746509552,
0.87128746509552,
0.8712874054908752,
0.8620249629020691,
0.8712874054908752,
0.8250348567962646,
0.8449999690055847,
0.87128746509552,
0.87128746509552,
0.87128746509552,
0.8712875247001648,
0.87128746509552,
0.8449999690055847,
0.87128746509552,
0.8712874054908752,
0.8449999690055847,
0.87128746509552,
0.87128746509552,
0.8712874054908752,
0.87128746509552,
0.87128746509552,
0.8449999690055847,
0.8450000286102295,
0.8712875247001648,
0.8449999690055847,
0.8449999690055847,
0.87128746509552,
0.8449999690055847,
0.87128746509552,
0.8712875247001648,
0.87128746509552,
0.8620249629020691,
0.87128746509552,
0.8450000286102295,
0.8712874054908752,
0.87128746509552,
0.8450000286102295,
0.87128746509552,
0.8450000286102295,
0.87128746509552,
0.8620249629020691,
0.87128746509552,
0.87128746509552,
0.87128746509552,
0.87128746509552,
0.8450000286102295,
0.8450000286102295,
0.87128746509552,
0.8450000286102295,
0.8712875247001648,
0.8712874054908752,
0.8450000286102295,
0.8450000286102295,
0.87128746509552,
0.87128746509552,
0.8712874054908752,
0.87128746509552,
0.87128746509552,
0.8712874054908752,
0.8712875247001648,
0.8620249629020691,
0.8450000286102295,
0.8620249032974243,
0.8712875247001648,
0.87128746509552,
0.8620249629020691,
0.87128746509552,
0.87128746509552,
0.87128746509552,
0.87128746509552,
0.8712874054908752,
0.8712874054908752,
0.7966312170028687,
0.87128746509552,
0.8449999690055847,
0.87128746509552,
0.87128746509552,
0.87128746509552,
0.87128746509552,
0.8432749509811401,
0.87128746509552,
0.8450000286102295,
0.7961683869361877,
0.8449999690055847,
0.8449999690055847,
0.8450000286102295,
0.8712875247001648,
0.87128746509552,
0.87128746509552,
0.8449999690055847,
0.87128746509552,
0.87128746509552,
0.8712875247001648,
0.8712875247001648,
0.8712874054908752,
0.8712874054908752,
0.8712875247001648,
0.87128746509552,
0.87128746509552,
0.8449999690055847,
0.8450000286102295,
0.8712875247001648,
0.87128746509552,
0.87128746509552,
0.8712875247001648,
0.87128746509552,
0.8450000286102295,
0.87128746509552,
0.87128746509552,
0.87128746509552,
0.87128746509552,
0.8712875247001648,
0.8449999690055847,
0.8712875247001648,
0.8712875247001648,
0.87128746509552,
0.87128746509552,
0.8712875247001648,
0.8712875247001648,
0.87128746509552,
0.87128746509552,
0.87128746509552,
0.8620249629020691,
0.87128746509552,
0.7962558269500732,
0.87128746509552,
0.87128746509552,
0.79642653465271,
0.8712875247001648,
0.8712874054908752,
0.8712875247001648,
0.87128746509552,
0.8712874054908752,
0.8449999690055847,
0.8712875247001648,
0.87128746509552,
0.8712875247001648,
0.8712875247001648,
0.87128746509552,
0.87128746509552,
0.8712874054908752,
0.87128746509552,
0.8712874054908752,
0.87128746509552,
0.87128746509552,
0.87128746509552,
0.8712874054908752,
0.8449999690055847,
0.87128746509552,
0.87128746509552,
0.87128746509552,
0.8712874054908752,
0.8712875247001648,
0.87128746509552,
0.87128746509552,
0.8712875247001648,
0.87128746509552,
0.8712875247001648,
0.87128746509552,
0.8712875247001648,
0.87128746509552,
0.8712874054908752,
0.8712874054908752,
0.8449999690055847,
0.87128746509552,
0.87128746509552,
0.87128746509552,
0.8712874054908752,
0.87128746509552,
0.8712875247001648,
0.8712875247001648,
0.8449999690055847,
0.87128746509552,
0.8620249629020691,
0.87128746509552,
0.87128746509552,
0.8712874054908752,
0.87128746509552,
0.87128746509552,
0.87128746509552,
0.87128746509552,
0.87128746509552,
0.8712875247001648,
0.8712874054908752,
0.8711637854576111,
0.8712874054908752,
0.8620249629020691,
0.8712874054908752,
0.87128746509552,
0.8449999690055847,
0.8449999690055847,
0.8450000286102295,
0.8449999690055847,
0.87128746509552,
0.8712874054908752,
0.87128746509552,
0.87128746509552,
0.8712875247001648,
0.8712875247001648,
0.8449999690055847,
0.87128746509552,
0.87128746509552,
0.87128746509552,
0.8450000286102295,
0.87128746509552,
0.87128746509552,
0.8620249629020691,
0.8712874054908752,
0.8620249629020691,
0.87128746509552,
0.87128746509552,
0.8450000882148743,
0.8712874054908752,
0.8450000286102295,
0.8712874054908752,
0.87128746509552,
0.8712874054908752,
0.8712875247001648,
0.8712875247001648,
0.87128746509552,
0.8620249629020691,
0.87128746509552,
0.8712874054908752,
0.87128746509552,
0.8712874054908752,
0.8712875247001648,
0.8449999690055847,
0.8449999690055847,
0.87128746509552,
0.87128746509552,
0.8712874054908752,
0.8450000286102295,
0.87128746509552,
0.8620249629020691,
0.87128746509552,
0.8712874054908752,
0.87128746509552,
0.87128746509552,
0.8712874054908752,
0.87128746509552,
0.87128746509552,
0.87128746509552,
0.8450000286102295,
0.8450000286102295,
0.87128746509552,
0.8620249629020691,
0.8450000286102295,
0.8712875247001648,
0.8712874054908752,
0.8712875247001648,
0.8450000286102295,
0.8712875247001648,
0.87128746509552,
0.87128746509552,
0.8712875247001648,
0.87128746509552,
0.8712875247001648,
0.8450000286102295,
0.87128746509552,
0.8712875247001648,
0.8450000286102295,
0.8712874054908752,
0.8712875247001648,
0.8712875247001648,
0.87128746509552,
0.87128746509552,
0.8712874054908752,
0.8712875247001648,
0.8712875247001648,
0.8712875247001648,
0.8712875247001648,
0.8712875247001648,
0.87128746509552,
0.8712874054908752,
0.87128746509552,
0.8712874054908752,
0.87128746509552,
0.87128746509552,
0.8450000286102295,
0.87128746509552,
0.8712874054908752,
0.87128746509552,
0.8425250053405762,
0.8712874054908752,
0.87128746509552,
0.8712875247001648,
0.8712874054908752,
0.87128746509552,
0.87128746509552,
0.8440249562263489,
0.87128746509552,
0.87128746509552,
0.87128746509552,
0.87128746509552,
0.8712874054908752,
0.8712874054908752,
0.87128746509552,
0.8712874054908752,
0.8449999690055847,
0.87128746509552,
0.8712875247001648,
0.87128746509552,
0.8712874054908752,
0.8449999690055847,
0.8712875247001648,
0.8712875247001648,
0.87128746509552,
0.87128746509552,
0.87128746509552,
0.8712875247001648,
0.8450000286102295,
0.87128746509552,
0.8712874054908752,
0.87128746509552,
0.87128746509552,
0.8712874054908752,
0.8712874054908752,
0.87128746509552,
0.87128746509552,
0.8450000286102295,
0.87128746509552,
0.8450000286102295,
0.8712875247001648,
0.87128746509552,
0.8620249629020691,
0.8712875247001648,
0.87128746509552,
0.87128746509552,
0.8712874054908752,
0.8449999690055847,
0.8712875247001648,
0.87128746509552,
0.8712875247001648,
0.8712874054908752,
0.8712874054908752,
0.87128746509552,
0.8450000286102295,
0.8712875247001648,
0.8712874054908752,
0.87128746509552,
0.8712875247001648,
0.87128746509552,
0.8712875247001648,
0.87128746509552,
0.8440249562263489,
0.87128746509552,
0.8712875247001648,
0.87128746509552,
0.87128746509552,
0.87128746509552,
0.8712875247001648,
0.8449999690055847,
0.7965418696403503,
0.8712875247001648,
0.8712874054908752,
0.8712874054908752,
0.87128746509552,
0.8620249629020691,
0.87128746509552,
0.8712875247001648,
0.87128746509552,
0.8712874054908752,
0.8712875247001648,
0.8620249629020691,
0.87128746509552,
0.8712874054908752,
0.87128746509552,
0.8712875247001648,
0.8712875247001648,
0.8712875247001648,
0.87128746509552,
0.87128746509552,
0.8712875247001648,
0.8712874054908752,
0.87128746509552,
0.87128746509552,
0.8712875247001648,
0.8712875247001648,
0.87128746509552,
0.87128746509552,
0.8712875247001648,
0.8450000286102295,
0.8440249562263489,
0.8712874054908752,
0.8712874054908752,
0.8712874054908752,
0.87128746509552,
0.8712874054908752,
0.8712874054908752,
0.87128746509552,
0.8712875247001648,
0.8712874054908752,
0.87128746509552,
0.87128746509552,
0.87128746509552,
0.8712875247001648,
0.8712875247001648,
0.87128746509552,
0.8712874054908752,
0.8712874054908752,
0.8712874054908752,
0.8712874054908752,
0.8450000286102295,
0.87128746509552,
0.8712874054908752,
0.8712874054908752,
0.8449999690055847,
0.8712875247001648,
0.8620249629020691,
0.8712875247001648,
0.8712874054908752,
0.8620249629020691,
0.8712875247001648,
0.87128746509552,
0.8449999690055847,
0.8712874054908752,
0.87128746509552,
0.87128746509552,
0.8712875247001648,
0.8712874054908752,
0.87128746509552,
0.8712875247001648,
0.8620249629020691,
0.87128746509552,
0.87128746509552,
0.87128746509552,
0.8712874054908752,
0.87128746509552,
0.8712875247001648,
0.8712875247001648,
0.8712874054908752,
0.87128746509552,
0.87128746509552,
0.8712874054908752,
0.87128746509552,
0.87128746509552,
0.8712875247001648,
0.87128746509552,
0.8712875247001648,
0.8712182641029358,
0.8712875247001648,
0.7966305613517761,
0.8712874054908752,
0.8712874054908752,
0.8712874054908752,
0.8450000286102295,
0.8450000286102295,
0.8712875247001648,
0.87128746509552,
0.8450000286102295,
0.8712874054908752,
0.87128746509552,
0.87128746509552,
0.8712875247001648,
0.87128746509552,
0.87128746509552,
0.87128746509552,
0.87128746509552,
0.87128746509552,
0.8712875247001648,
0.87128746509552,
0.8712875247001648,
0.8620249032974243,
0.8712874054908752,
0.87128746509552,
0.87128746509552,
0.87128746509552,
 ]